# air epoch seconds with wfb_tx injection drops (fec span); each 1 s sample at air time t marks int(t-1) and int(t)
1790642870
1790642871
1790642872
1790642873
1790642874
1790642875
1790642876
1790642877
1790642878
1790642879
1790642889
1790642890
1790642891
1790642892
1790642895
1790642896
1790642899
1790642900
1790642904
1790642905
1790642918
1790642919
1790642922
1790642923
1790642928
1790642929
1790642932
1790642933
1790642934
1790642935
1790642936
1790642941
1790642942
1790642943
1790642960
1790642961
1790642972
1790642973
1790642978
1790642979
1790642981
1790642982
1790642993
1790642994
1790643005
1790643006
1790643026
1790643027
1790643032
1790643033
1790643034
1790643035
1790643036
1790643045
1790643046
1790643047
1790643048
1790643061
1790643062
1790643066
1790643067
1790643068
1790643069
1790643072
1790643073
1790643077
1790643078
1790643081
1790643082
1790643083
1790643084
1790643090
1790643091
1790643102
1790643103
1790643104
1790643105
1790643120
1790643121
1790643131
1790643132
1790643140
1790643141
1790643145
1790643146
1790643155
1790643156
1790643164
1790643165
1790643169
1790643170
1790643172
1790643173
1790643177
1790643178
