TRACE LOSS: none (stats table clean)
                    rx  lost   fec wlost p_data%  post% runs/s   r1   r2   r3   r4  r5+ 5+sh% gapmax gap99
 0 m7L          256716  1250  6353  1249    2.95   0.48    4.5  161   92  131   70   40  18.6    7.9   2.2
 1 m6S          259629   764  6168   764    2.66   0.29    3.2  139   74  111   26    7   5.2    8.4   2.0
 2 m6S          257079   731  6004   732    2.61   0.28    2.8   92   73  101   30   12   9.6    6.8   2.0
 3 m7L          256947  1259  6318  1257    2.93   0.49    4.6  150  120  126   76   35  14.9    8.6   2.1
 4 m7L          256437  1295  6367  1287    2.97   0.50    4.7  177   93  131   76   42  18.1    8.5   2.1
 5 m6S          257154   831  6079   831    2.68   0.32    3.3  134   91   92   35   15  11.9    7.6   2.0
 6 m6S          257647   876  6191   881    2.74   0.34    3.3  118   73  118   37   18  12.6    6.9   2.0
 7 m7L          257285  1308  6379  1311    2.97   0.51    4.7  169   88  138   75   47  19.0    7.6   2.1
