# ab_hdsweep (2026-09-29 03:27-03:40), steps docs/xr/data/steps-2026-09-29-hdsweep.txt (air clock), --air-offset-s 1.2445 (Quest-PC 0.4955 + PC-air 0.749), --guard-s 4; app 69dfed66 IDR only; the m4 steps overflowed the air (invalid for loss/latency); step 9 overlaps the revert to race
TRACE LOSS: none (stats table clean)
                    rx  lost   fec wlost p_data%  post% runs/s   r1   r2   r3   r4  r5+ 5+sh% gapmax gap99
 0 m4b16f48_17  111143 17644 11042   320    8.82  13.70   53.4 1035  877  700  587 1235  59.0   13.1   3.3
 1 m5b16f48_17  126141   240  3610   240    3.05   0.19    1.2   33   31   15   13    6  20.0   18.2   2.5
 2 m7b16f48_17  125114   223  3485   215    2.95   0.18    1.0   16   17   16   25    4  11.2   24.0   3.8
 3 m7b16f48_17  125297   255  3277   255    2.81   0.20    1.0   15   20   13   27    8  20.8   15.7   4.3
 4 m5b16f48_17  124636   116  3246   116    2.69   0.09    0.5   12   11    6   13    1  10.3   11.1   2.5
 5 m4b16f48_17  114340 16999 11826   403    9.31  12.94   53.8  933 1024  953  689  973  49.4   17.8   3.2
 6 m4b16f48_23   75112 11667  7707   222    9.14  13.44   55.1  740  683  525  353  782  56.3   17.2   3.2
 7 m4b16f48_24   74371 12841  7204   200    8.49  14.72   60.0  835  680  622  405  819  55.8    9.7   3.3
 8 m4b16f48_23   73379 11989  7182   193    8.64  14.04   57.4  657  703  622  483  692  51.1   20.7   3.3
 9 m4b16f48_24   79856 34214  7736   216    6.97  29.99   49.4  664  671  620  509  797  82.7 2984.1   3.9
