TRACE LOSS: none (stats table clean)
                    rx  lost   fec wlost p_data%  post% runs/s   r1   r2   r3   r4  r5+ 5+sh% gapmax gap99
 0 base          16256     0   471     0    2.90   0.00    0.0    0    0    0    0    0   0.0   19.5  12.1
 1 hold0         15987     0   460     0    2.88   0.00    0.0    0    0    0    0    0   0.0   19.9  11.3
 2 base          15832    10   401    10    2.59   0.06    0.1    1    1    1    1    0   0.0   30.3   9.9
 3 hold0         16198     0   366     0    2.26   0.00    0.0    0    0    0    0    0   0.0   20.3   9.7
 4 base          17106     1   363     1    2.13   0.01    0.0    1    0    0    0    0   0.0   18.8   9.1
 5 bcnoff        17024     0   363     0    2.13   0.00    0.0    0    0    0    0    0   0.0   18.8   7.1
 6 base          16767     1   341     1    2.04   0.01    0.0    1    0    0    0    0   0.0   20.6   8.8
 7 bcnoff        16380     3   369     3    2.27   0.02    0.0    0    0    1    0    0   0.0   19.5   7.4
 8 base          16216     3   325     3    2.02   0.02    0.0    1    1    0    0    0   0.0   30.3   9.0
