# ab_g56 (2026-09-29 00:51-01:06), steps docs/xr/data/steps-2026-09-29-g56.txt (air clock), --air-offset-s 1.284 (Quest-PC 0.535 + PC-air 0.749), --guard-s 4
# python3 scripts/quest-latch/link_audit.py scripts/quest/out/ab_g56.pftrace docs/xr/data/steps-2026-09-29-g56.txt --air-offset-s 1.284 --guard-s 4
TRACE LOSS: none (stats table clean)
                    rx  lost   fec wlost p_data%  post% runs/s   r1   r2   r3   r4  r5+ 5+sh% gapmax gap99
 0 m7b25f46     122085   575  3220   577    3.10   0.47    4.7   90   47   72   26   13  12.3    8.0   2.0
 1 m6b25f46     122400   521  4589   521    4.16   0.42    4.7   94   68   60   17    8   8.3    5.4   1.8
 2 m7b25f46     122333   667  3223   662    3.16   0.54    5.3  101   60   64   36   20  16.5    9.2   2.1
 3 m6b25f46     122749   588  4883   590    4.44   0.48    5.6  125   76   68   16    7   7.3    5.9   1.8
 4 m7b16f48      79406   105  2163   105    2.85   0.13    0.6    5    9    1   17    2  10.5    8.3   4.3
 5 m7b20f48      98638   222  2640   218    2.89   0.22    1.3    9    9   14   37    1   2.3    6.3   2.3
 6 m7b20f46     101381   353  2565   353    2.87   0.35    3.1   67   44   30   20    5   7.9    8.8   4.2
 7 m12b20f48     98895   129  2816   129    2.97   0.13    0.9   10   14    5   19    0   0.0    7.2   3.0
 8 m12b25f48    120999  4670  9853   285    8.07   3.72   22.4  339  211  151  129  373  63.0    7.3   2.1
 9 m13b25f48    122550   400  3967   400    3.55   0.33    3.0   37   47   30   36    6   8.8    6.6   2.4
10 m13b30f48    136634 11446  8917   729    6.51   7.73   42.6  239  250  287  385 1082  72.6    6.4   2.1
11 m13b25f47    122144   789  3653   789    3.61   0.64    5.8   84   96   43   67   17  14.7    9.5   3.5
12 m13b30f47    147018   873  4688   872    3.76   0.59    6.4   83  108   54   75   17  12.8    6.9   2.1
13 m13b35f47    154808 16684  9616  1333    6.38   9.73   48.6  360  283  265  228 1415  84.2    6.9   2.0
