TRACE LOSS: none (stats table clean)
                    rx  lost   fec wlost p_data%  post% runs/s   r1   r2   r3   r4  r5+ 5+sh% gapmax gap99
 0 m7b25f46     118419   582  3024   582    3.03   0.49    4.7   75   51   65   33   14  13.4    7.4   2.0
 1 m7b30f46     134988  6832 12221  1202    9.46   4.82   31.6  375  255  200  149  615  69.5    5.3   1.8
 2 m7b25f810    117698   773  2646   769    2.88   0.65    7.5  200   60   73   18   28  21.0   17.1   3.5
 3 m7b30f810    143358   894  3327   888    2.92   0.62    8.2  201   86   80   22   31  21.6   16.3   2.7
 4 m12b25f46    117418   860  3015   853    3.27   0.73    7.6  133  103  108   25   16  11.3    7.8   3.1
 5 m12b30f46    140931  1160  3656  1156    3.39   0.82   10.1  166  138  141   42   22  10.9    6.2   1.9
 6 m12b35f46    151877 14569 11913  1993    8.35   8.75   47.6  537  412  300  168 1009  79.9    5.8   1.8
 7 m13b35f46    162738  2451  3967  2459    3.89   1.48   20.7  295  307  325   85   34   9.3    6.1   1.9
 8 m13b40f46    173457 15553 10169  3165    7.05   8.23   69.3  650  641  644  341 1237  66.4    8.1   1.9
