TRACE LOSS: none (stats table clean)
                    rx  lost   fec wlost p_data%  post% runs/s   r1   r2   r3   r4  r5+ 5+sh% gapmax gap99
 0 true          24543   544   921   535    5.80   2.17   24.6  116   78   30   28   12  12.9    8.9   2.9
 1 false         24869   239   754   242    3.97   0.95   10.0   31   37   30    7    3   6.7   15.0   2.3
 2 false         25123   180   760   176    3.70   0.71    8.4   39   24   20    7    1   2.8    9.0   2.2
 3 true          24164   600  1023   595    6.53   2.42   26.7  123   78   46   16   20  19.8   11.0   3.0
 4 true          24416   552   911   553    5.86   2.21   26.4  125   85   44   18   10   9.6   11.0   2.9
 5 false         25152   248   761   248    3.97   0.98   11.8   54   42   23    6    3   6.9   11.8   2.4
 6 false         24796   196   943   195    4.55   0.78    8.9   41   22   21    8    3   8.2    8.3   2.2
 7 true          23700   423   979   426    5.82   1.75   21.1   97   66   34   10   10  12.3    9.4   2.6
