TRACE LOSS: none (stats table clean)
                    rx  lost   fec wlost p_data%  post% runs/s   r1   r2   r3   r4  r5+ 5+sh% gapmax gap99
 0 157          279522  1302  7046  1298    2.97   0.46    4.5  170  111  149   74   30  12.8    7.7   2.0
 1 161          279914  1234  5607  1234    2.43   0.44    4.6  199  124  153   45   25  12.0   15.3   2.0
 2 161          279263  1428  6194  1424    2.71   0.51    5.4  233  178  163   51   25  10.2    9.6   2.1
 3 157          282399  1325  6928  1325    2.91   0.47    4.7  198  124  143   68   30  13.4    7.1   2.0
 4 157          279334  1165  7095  1168    2.95   0.42    4.4  197  132  121   54   23  10.7    8.5   2.0
 5 161          279237  1181  5769  1181    2.48   0.42    4.7  227  135  136   41   18   9.5   13.8   2.0
 6 161          279078  1582  6075  1581    2.73   0.56    5.7  240  157  183   77   27  10.8   19.4   2.1
 7 157          281153  1204  7037  1199    2.92   0.43    4.0  162  109  126   66   22  15.1   21.8   2.0
