TRACE LOSS: none (stats table clean)
                    rx  lost   fec wlost p_data%  post% runs/s   r1   r2   r3   r4  r5+ 5+sh% gapmax gap99
 0 r2_p28        14491     0   288     0    1.99   0.00    0.0    0    0    0    0    0   0.0   21.5   9.1
 1 r2_p29        14768     0   312     0    2.11   0.00    0.0    0    0    0    0    0   0.0   22.0   9.8
 2 r2_p30        14541     0   312     0    2.15   0.00    0.0    0    0    0    0    0   0.0   20.7   9.5
 3 r2_gap        17146     0   363     0    2.12   0.00    0.0    0    0    0    0    0   0.0   19.7   9.3
 4 r3_p30.5      14903     0   317     0    2.13   0.00    0.0    0    0    0    0    0   0.0   19.8   9.2
 5 r3_p31        14642     0   315     0    2.15   0.00    0.0    0    0    0    0    0   0.0   19.0   9.3
 6 r3_p31b       14909     0   316     0    2.12   0.00    0.0    0    0    0    0    0   0.0   21.2   8.8
 7 r3_p12        14538     2   286     2    1.98   0.01    0.0    0    1    0    0    0   0.0   18.9   8.8
