TRACE LOSS: none (stats table clean)
                    rx  lost   fec wlost p_data%  post% runs/s   r1   r2   r3   r4  r5+ 5+sh% gapmax gap99
 0 stream       253528  4748  7792  4748    4.86   1.84   20.9 1042  647  350  154  115  15.7   23.3   2.8
 1 quiet        257639  1186  6111  1188    2.82   0.46    4.9  213  129  125   62   16   7.8   16.0   2.1
 2 quiet        257371  1573  6734  1571    3.21   0.61    6.0  244  130  162   76   49  17.7   16.0   2.2
 3 stream       255735  4053  8400  4051    4.79   1.56   18.4  879  621  307  148   73  10.3   14.7   2.7
 4 stream       254943  3909  8173  3922    4.67   1.51   16.2  667  479  402  175   66   9.7   11.4   2.7
 5 quiet        254108  3807  7388  3794    4.34   1.48   13.3  415  334  417  194  108  18.3   19.8   2.5
 6 quiet        255354  2672  7090  2674    3.78   1.04   10.2  329  306  345  100   45  11.1   13.5   2.3
 7 stream       253804  4451  8558  4451    5.04   1.72   19.1  864  557  438  160   85  11.7    9.0   2.7
