TRACE LOSS: none (stats table clean)
                    rx  lost   fec wlost p_data%  post% runs/s   r1   r2   r3   r4  r5+ 5+sh% gapmax gap99
 0 157          279591  1159  7029  1157    2.92   0.41    4.2  172  114  137   51   26  12.4    7.5   2.0
 1 165          282327  1573  6198  1574    2.74   0.55    6.0  251  186  225   47   13   5.5   12.5   2.1
 2 165          279371  1480  6111  1480    2.70   0.53    5.4  217  152  224   35   22   9.9   15.8   2.1
 3 157          279597  1377  6922  1374    2.95   0.49    4.4  137  110  164   73   40  17.1    7.4   2.0
 4 157          279381  1399  7016  1396    3.00   0.50    4.6  156  117  154   89   35  13.7    8.3   2.1
 5 165          279341  1427  5980  1423    2.64   0.51    5.7  262  177  205   32   12   4.8   10.7   2.1
 6 165          281925  1410  5890  1410    2.58   0.50    5.7  267  178  194   31   13   5.7   20.7   2.1
 7 157          278750  1318  6934  1319    2.95   0.47    4.8  215  128  139   70   25  11.4    7.2   2.0
