# ab_gate, steps docs/xr/data/steps-2026-09-30-gate.txt, --air-offset-s 0.4133 (Quest-PC 0.0813 + PC-air 0.332), --guard-s 5. 2026-09-30 ~00:21-01:12 local (PC 1790720465-723131); the -A age-guard gate (see link-envelope 'Age-guard gate'), ch165, rig flashing; APK c8986061, prefs = baseline + stats_log (IDR off); no relaunch; the app was killed at PC 723131 (low memory), so data ends at air 723110. Drift line on b1m (hd MCS7 clean, 1M): valid only across steps sharing one RTP base (o*/a*/b*/d*, hd); s0r/s0h absolute levels are not comparable.
# python3 scripts/quest-latch/link_audit.py scripts/quest/out/ab_gate.pftrace docs/xr/data/steps-2026-09-30-gate.txt --air-offset-s 0.4133 --guard-s 5 --logcat scripts/quest/out/logcat_gate.txt
PKT_LOST events 5862, packets 36041; TX DESC 52082; block overrides 0
post-FEC gap sizes: 1:3893, 2:467, 3:236, 4:334, 5:54, 6:43, 7:43, 8:91, 9:20, 10:34, 11:36, 12:49
loss within 2 ms after a Quest TX: 4.6 % (control, TX shifted 50 ms: 1.4 %)
Rayleigh Z @    1.000 Hz =      1.5
Rayleigh Z @    4.000 Hz =      0.7
Rayleigh Z @    9.766 Hz =      2.5
Rayleigh Z @   72.000 Hz =      0.2
Rayleigh Z @   90.000 Hz =      0.3
TRACE LOSS: none (stats table clean)
                    rx  lost   fec wlost p_data%  post% runs/s   r1   r2   r3   r4  r5+ 5+sh% gapmax gap99
 0 s0r           19851  5932   879     5    3.43  23.01    0.5    4    5    4    2   18  99.4 3161.8  11.1
 1 s0h           99017   336  1959    31    2.00   0.34    0.5    6    5    6    4   11  85.1   35.1   4.1
 2 s0h          126829   268  2592    51    2.08   0.21    0.4   13    5    5    8   10  73.9 2993.7   4.6
 3 s0r           28145  1596  1382     0    4.65   5.37    0.4    4    3    3    6   19  97.3 3663.4  10.0
 4 o16k          64670 52364  1512    10    1.30  44.74  115.4 1008  612  664  350 6364  89.3 2040.8   5.4
 5 o192         126376 11136 16075   109   11.77   8.10   25.4  689  533  437  277  399  62.5 1953.4   3.1
 6 o1m          111907  8979 12816    84   10.67   7.43   32.0  683  595  449  325  507  49.7    5.9   3.1
 7 o1m          137207 13781 16999    84   11.31   9.13   28.4  821  620  469  371  556  64.1 1949.8   3.1
 8 o192         119254  8981 13708    91   10.76   7.00   28.1  646  555  415  336  497  51.6    6.5   3.1
 9 o16k          73911 57662  1523    21    1.17  43.83  113.9 1170  537  645  287 7499  90.8   40.3   6.0
10 a10          125774 12666 15183    86   11.03   9.15    6.0   10    6    5   12  515  99.3 1946.8   3.1
11 a20          124746 12127 15222   100   11.19   8.86    5.7   16    8    8   11  474  99.2 1948.0   3.1
12 a40o         112843  9038 13670    71   11.27   7.42    6.3   21   10    4    4  464  99.2    7.2   3.1
13 a40o         138440 14106 17807    99   11.74   9.25    6.1   13    9   11    9  572  99.3 1962.4   3.1
14 a20          122784  7827 15700    88   12.09   5.99    5.1   11    6   11    8  416  98.9    6.5   3.1
15 a10          123990 12305 14408   101   10.65   9.03    6.0   17   15    6    9  496  99.2 1954.3   3.1
16 b1m          128609    55  2577    55    2.05   0.04    0.2    3    1    6    8    0   0.0   14.1   4.0
17 b10          132192  3572  2692    53    2.02   2.63    0.4    9    3    4    7   14  98.5 2038.1   4.1
18 b20          121901   205  2375    34    1.97   0.17    0.2    5    5    2    2    6  85.9   38.5   4.1
19 b20          141709   367  2827    61    2.03   0.26    0.3    8    4    7    6    5  83.4   36.7   4.1
20 b10          132314  3329  2667    36    1.99   2.45    0.3    7    4    3    3    6  98.9 2027.5   4.0
21 b1m          131025  3325  2647   106    2.05   2.47    0.5   11    6    5   14    9  97.2 2040.7   4.0
22 d0           115578  7675 13941   118   11.41   6.23    5.5   19   12    5   15  399  98.5    7.2   3.1
23 d8           114640 20835  2369    14    1.76  15.38   13.1    1    3    1    1 1177  99.9    6.2   2.5
24 d32          114435 21263  2393    26    1.78  15.67   13.6    2    4    1    3 1215  99.9    7.1   2.5
25 d32          114012 21307  2543   332    2.12  15.75   14.0   13    3    5    8 1234  99.7   70.6   3.4
26 d8            62463 25226  1698  8629   11.78  28.77   17.4   22   17   19   56  930  98.7 1555.1   4.0
