TRACE LOSS: none (stats table clean)
                    rx  lost   fec wlost p_data%  post% runs/s   r1   r2   r3   r4  r5+ 5+sh% gapmax gap99
 0 A_off         89134   622  2123   624    3.06   0.69    9.1  153   44   42   26   25  24.3   10.9   2.6
 1 A_on          92058   574  2277   571    3.07   0.62    8.3  152   33   49   10   30  29.4   24.7   2.5
 2 A_off         89093   730  2207   730    3.27   0.81   10.0  154   43   68   17   38  29.9   15.1   2.5
 3 A_on          91969   607  2182   606    3.01   0.66    9.2  165   55   49   13   22  21.9   10.9   2.5
 4 A_off         88994   666  2053   672    3.04   0.74    9.8  153   55   64   11   29  25.1   13.6   2.5
 5 A_on          96464   675  2298   669    3.05   0.69    9.5  170   51   63   22   22  18.7   18.2   2.5
 6 m7f810_25     87328   581  2059   581    3.00   0.66    6.9  131   27   45   27   28  26.3   17.1   3.5
 7 m7f810_30    104441   859  2486   859    3.18   0.82    9.1  152   46   66   26   52  36.4   10.9   2.7
 8 m7f810_32    111164   991  2703   989    3.29   0.88   11.1  200   62   66   30   59  35.2   19.9   2.0
 9 m7f810_34    116071  3202  6330  1437    6.51   2.68   28.0  476  185  130   45  215  55.8   10.4   2.5
10 m7f810_36    117802  8802  8217  1945    8.03   6.95   53.5  676  290  223  116  711  72.9   12.4   2.7
11 m7f810_38    121433 14540  9910  2153    8.87  10.69   74.2  798  386  250  197 1218  78.6   24.4   2.7
12 m7f810_40    123240 21526 10437  2081    8.65  14.87   86.4  834  358  231  199 1738  85.9   17.2   2.7
13 m12f810_30   104354   979  2276   985    3.10   0.93   11.5  161   89  143   12   28  16.6   11.8   3.7
14 m12f810_34   118105  1040  2635  1037    3.08   0.87   12.2  171   98  135   28   26  15.0   16.1   2.4
15 m12f810_38   136184  2092  7645  1939    6.93   1.51   26.5  489  253  179   52   58  16.8    8.7   2.3
16 m12f810_42   137958 14493  9349  2216    7.59   9.51   67.3  692  383  294  165 1089  79.3   15.3   2.4
17 m13f810_38   130826  2196  2783  2193    3.74   1.65   23.6  217  247  320   48   53  15.2   13.0   2.7
18 m13f810_42   143750  2789  3307  2743    4.13   1.90   28.5  246  301  375   70   78  19.2   24.3   2.1
19 m13f810_46   152816  9028  7035  3315    6.40   5.58   61.5  595  456  474  196  596  58.9    9.1   2.1
20 m13f810_50   153308 21789  7586  3517    6.34  12.44   91.0  680  514  529  229 1477  80.7    9.3   2.1
