TRACE LOSS: none (stats table clean)
                    rx  lost   fec wlost p_data%  post% runs/s   r1   r2   r3   r4  r5+ 5+sh% gapmax gap99
 0 on           126012   555  3132   555    2.91   0.44    4.2   70   51   56   34   15  14.2    7.1   2.2
 1 off          126041   510  3067   498    2.82   0.40    3.7   59   42   56   34   11  12.4    7.5   2.0
 2 off          125873   650  3150   639    2.99   0.51    4.7   77   43   73   41   20  16.0    6.0   2.0
 3 on           125807   654  3138   652    3.00   0.52    4.8   75   55   73   35   21  16.8    8.4   2.2
 4 on           126202   538  3114   538    2.88   0.42    3.9   53   42   71   29   13  13.4    8.3   2.1
 5 off          126203   581  3101   579    2.90   0.46    4.5   81   50   71   24   17  15.7    9.5   2.0
 6 off          126147   622  3175   621    2.99   0.49    4.7   84   43   70   38   17  14.5    6.7   2.0
 7 on           125963   659  3251   656    3.09   0.52    4.8   75   54   69   46   15  12.9    8.3   2.2
