# frame_fate.py on ab_ceil (2026-09-29 00:21-00:37), offset +1.195 s, guard 4 s, fps 90. Classes: docs/xr/link-envelope.md "Frame fate"
# python3 scripts/quest-latch/frame_fate.py scripts/quest/out/ab_ceil.pftrace docs/xr/data/steps-2026-09-29-ceil.txt --air-offset-s 1.195 --guard-s 4
                 decoded/s (a)hole/s (a)edge/s (b)ndec/s (c)never/s measured dec/s
 0 A_off              84.2       5.6       0.4       0.2        0.0           84.2
 1 A_on               84.6       4.9       0.6       0.2        0.0           84.7
 2 A_off              83.5       5.7       0.8       0.4        0.0           83.6
 3 A_on               84.1       5.3       0.6       0.4        0.0           84.2
 4 A_off              83.9       5.7       0.5       0.3        0.0           84.0
 5 A_on               84.5       5.1       0.6       0.2        0.0           84.5
 6 m7f810_25          85.5       4.2       0.6       0.1        0.0           85.6
 7 m7f810_30          83.4       5.7       0.9       0.4        0.0           83.5
 8 m7f810_32          82.4       6.6       1.0       0.5        0.0           82.5
 9 m7f810_34          71.2      11.1       5.1       3.0        0.0           71.6
10 m7f810_36          51.5      14.6      15.4       8.8        0.0           52.7
11 m7f810_38          35.4      15.8      24.4      14.8        0.0           37.1
12 m7f810_40          24.3      15.0      30.5      20.7        0.0           26.3
13 m12f810_30         81.7       7.6       0.7       0.4        0.0           81.8
14 m12f810_34         81.6       7.7       0.7       0.3        0.0           81.8
15 m12f810_38         73.7      14.1       1.8       0.9        0.0           73.8
16 m12f810_42         40.2      16.3      20.6      13.3        0.0           41.8
17 m13f810_38         73.5      15.6       1.0       0.3        0.0           73.6
18 m13f810_42         69.7      17.9       1.9       0.8        0.0           69.9
19 m13f810_46         46.7      21.8      14.9       7.1        0.0           48.6
20 m13f810_50         24.7      23.9      25.1      16.8        0.0           27.1
