# ab_stair4, steps docs/xr/data/steps-2026-09-29-stair4.txt, --air-offset-s 0.0191 (Quest-PC -0.8289 + PC-air 0.848), --guard-s 5. 21:00-21:10 local; MCS4 TX power staircase 1/5/9/13/17/21/23/23/21/17/13/9/5/1 dBm, 40 s each (applied txp = requested), 1080p90 12 Mbit FEC 4/8, rmem 1 MB, no rig, air drops 0; APK c8986061, prefs = request_idr_on_loss + rtp_tight_reorder + stats_log + rx-diag-keep-corrupted. Quest ~1 m from the air unit. PC-air +0.848 s (this boot's slot_watch AIR_CLOCK).
# python3 scripts/quest-latch/ab_segments.py scripts/quest/out/ab_stair4.pftrace docs/xr/data/steps-2026-09-29-stair4.txt --air-offset-s 0.0191 --guard-s 5 --baseline 04_17dBm
694521 packets, 73551 frames, 6075 lost before the app; 50536 frames inside the steps
clock drift fitted on '04_17dBm': +73 ppm

per step (ms vs the baseline drift line; 'last' = frame complete, 'decoded' = decoder output)
               frames    fps  pkt/f  spread   first    last  last95  decoded  lost/s  lost% undec
 0 00_1dBm       2712   90.4  12.66    8.98   -5.11    3.87   10.40     6.32     0.7   0.06     0
 1 01_5dBm       2712   90.4  12.76    9.01   -6.31    2.70    5.93     5.13     0.5   0.04     2
 2 02_9dBm       2712   90.4  12.72    9.00   -6.62    2.38    5.25     4.83     0.1   0.01     0
 3 03_13dBm      2803   90.4  12.72    9.00   -6.73    2.27    5.13     4.73     0.1   0.01     0
 4 04_17dBm      2712   90.4  12.81    9.02   -6.64    2.38    5.71     4.86     0.3   0.03     1
 5 05_21dBm      2712   90.4  12.72    8.99   -6.71    2.28    5.57     4.77     0.4   0.03     0
 6 06_23dBm      2622   90.4  12.78    9.00   -6.67    2.33    6.68     4.82     0.9   0.08     1
 7 07_23dBm      2712   90.4  12.78    9.02   -6.83    2.19    5.91     4.66     0.2   0.02     0
 8 08_21dBm      2712   90.4  12.68    8.96   -7.04    1.92    5.18     4.39     0.1   0.01     0
 9 09_17dBm      2712   90.4  12.77    9.07   -7.12    1.95    5.34     4.43     0.3   0.03     0
10 10_13dBm      2713   90.5  12.69    8.96   -7.23    1.73    4.90     4.20     0.1   0.01     0
11 11_9dBm       2620   90.4  12.70    8.99   -7.28    1.71    4.98     4.21     0.8   0.07     0
12 12_5dBm       2712   90.4  12.73    9.05   -7.07    1.98    7.54     4.48     0.7   0.06     0
13 13_1dBm       2712   90.4  12.74    8.99   -7.38    1.61    5.12     4.09     0.4   0.03     0

per state
               frames    fps  pkt/f  spread   first    last  last95  decoded  lost/s  lost% undec   Δlast  Δdecoded
00_1dBm          2712   90.4  12.66    8.98   -5.11    3.87   10.40     6.32     0.7   0.06     0   +1.49     +1.47
01_5dBm          2712   90.4  12.76    9.01   -6.31    2.70    5.93     5.13     0.5   0.04     2   +0.32     +0.27
02_9dBm          2712   90.4  12.72    9.00   -6.62    2.38    5.25     4.83     0.1   0.01     0   -0.00     -0.03
03_13dBm         2803   90.4  12.72    9.00   -6.73    2.27    5.13     4.73     0.1   0.01     0   -0.11     -0.13
04_17dBm         2712   90.4  12.81    9.02   -6.64    2.38    5.71     4.86     0.3   0.03     1   +0.00     +0.00
05_21dBm         2712   90.4  12.72    8.99   -6.71    2.28    5.57     4.77     0.4   0.03     0   -0.10     -0.09
06_23dBm         2622   90.4  12.78    9.00   -6.67    2.33    6.68     4.82     0.9   0.08     1   -0.05     -0.03
07_23dBm         2712   90.4  12.78    9.02   -6.83    2.19    5.91     4.66     0.2   0.02     0   -0.19     -0.19
08_21dBm         2712   90.4  12.68    8.96   -7.04    1.92    5.18     4.39     0.1   0.01     0   -0.46     -0.47
09_17dBm         2712   90.4  12.77    9.07   -7.12    1.95    5.34     4.43     0.3   0.03     0   -0.43     -0.43
10_13dBm         2713   90.5  12.69    8.96   -7.23    1.73    4.90     4.20     0.1   0.01     0   -0.65     -0.66
11_9dBm          2620   90.4  12.70    8.99   -7.28    1.71    4.98     4.21     0.8   0.07     0   -0.66     -0.65
12_5dBm          2712   90.4  12.73    9.05   -7.07    1.98    7.54     4.48     0.7   0.06     0   -0.39     -0.38
13_1dBm          2712   90.4  12.74    8.99   -7.38    1.61    5.12     4.09     0.4   0.03     0   -0.76     -0.76
