# ab_g56 (2026-09-29 00:51-01:06), steps docs/xr/data/steps-2026-09-29-g56.txt (air clock), --air-offset-s 1.284 (Quest-PC 0.535 + PC-air 0.749), --guard-s 4
# python3 scripts/quest-latch/ab_segments.py scripts/quest/out/ab_g56.pftrace docs/xr/data/steps-2026-09-29-g56.txt --air-offset-s 1.284 --guard-s 4 --baseline m7b25f46
2178464 packets, 107976 frames, 64825 lost before the app; 76871 frames inside the steps
clock drift fitted on 'm7b25f46': +72 ppm

per step (ms vs the baseline drift line; 'last' = frame complete, 'decoded' = decoder output)
               frames    fps  pkt/f  spread   first    last  last95  decoded  lost/s  lost% undec
 0 m7b25f46      4746   90.4  25.72    9.87   -8.05    1.81    5.03     4.60    11.0   0.87    20
 1 m6b25f46      4755   90.4  25.74   10.60   46.21   56.81   60.28    59.55     9.9   0.79    38
 2 m7b25f46      4756   90.4  25.72    9.88   -8.03    1.84    5.25     4.64    12.7   1.01    41
 3 m6b25f46      4755   90.4  25.81   10.59   46.52   57.12   61.07    59.90    11.2   0.89    42
 4 m7b16f48      4746   90.4  16.73    8.37   -9.38   -1.01    1.91     1.40     2.0   0.16     1
 5 m7b20f48      4734   90.4  20.83   10.51   11.09   21.60   44.56    24.00     4.2   0.34     8
 6 m7b20f46      4873   90.4  20.80    7.91   -9.35   -1.43    1.75     1.17     6.5   0.54    10
 7 m12b20f48     4746   90.4  20.84    9.31   -8.85    0.46    3.33     2.82     2.5   0.20     1
 8 m12b25f48     4864   90.4  24.88   10.59   66.33   76.92   79.49    81.33    86.8   6.68   292
 9 m13b25f48     4756   90.4  25.77    9.87   -7.93    1.94    5.48     4.54     7.6   0.61    17
10 m13b30f48     4765   90.4  28.68   10.69   53.78   64.46   66.94    70.79   217.2  14.93   760
11 m13b25f47     4755   90.4  25.69    8.68   -8.74   -0.07    3.23     2.85    15.0   1.19    19
12 m13b30f47     4756   90.4  30.91   10.41   -6.66    3.75    7.87     6.68    16.6   1.31    32
13 m13b35f47     4746   90.4  32.62   10.70   49.65   60.35   63.44    66.63   317.8  20.37  1029

per state
               frames    fps  pkt/f  spread   first    last  last95  decoded  lost/s  lost% undec   Δlast  Δdecoded
m7b25f46         9502   90.4  25.72    9.87   -8.04    1.83    5.13     4.62    11.8   0.94    61   +0.00     +0.00
m6b25f46         9510   90.4  25.78   10.60   46.37   56.96   60.75    59.73    10.5   0.84    80  +55.13    +55.11
m7b16f48         4746   90.4  16.73    8.37   -9.38   -1.01    1.91     1.40     2.0   0.16     1   -2.83     -3.22
m7b20f48         4734   90.4  20.83   10.51   11.09   21.60   44.56    24.00     4.2   0.34     8  +19.77    +19.38
m7b20f46         4873   90.4  20.80    7.91   -9.35   -1.43    1.75     1.17     6.5   0.54    10   -3.26     -3.45
m12b20f48        4746   90.4  20.84    9.31   -8.85    0.46    3.33     2.82     2.5   0.20     1   -1.37     -1.79
m12b25f48        4864   90.4  24.88   10.59   66.33   76.92   79.49    81.33    86.8   6.68   292  +75.09    +76.71
m13b25f48        4756   90.4  25.77    9.87   -7.93    1.94    5.48     4.54     7.6   0.61    17   +0.11     -0.08
m13b30f48        4765   90.4  28.68   10.69   53.78   64.46   66.94    70.79   217.2  14.93   760  +62.64    +66.17
m13b25f47        4755   90.4  25.69    8.68   -8.74   -0.07    3.23     2.85    15.0   1.19    19   -1.90     -1.77
m13b30f47        4756   90.4  30.91   10.41   -6.66    3.75    7.87     6.68    16.6   1.31    32   +1.92     +2.06
m13b35f47        4746   90.4  32.62   10.70   49.65   60.35   63.44    66.63   317.8  20.37  1029  +58.52    +62.02
