# ab_gate, steps docs/xr/data/steps-2026-09-30-gate.txt, --air-offset-s 0.4133 (Quest-PC 0.0813 + PC-air 0.332), --guard-s 5. 2026-09-30 ~00:21-01:12 local (PC 1790720465-723131); the -A age-guard gate (see link-envelope 'Age-guard gate'), ch165, rig flashing; APK c8986061, prefs = baseline + stats_log (IDR off); no relaunch; the app was killed at PC 723131 (low memory), so data ends at air 723110. Drift line on b1m (hd MCS7 clean, 1M): valid only across steps sharing one RTP base (o*/a*/b*/d*, hd); s0r/s0h absolute levels are not comparable.
# python3 scripts/quest-latch/ab_segments.py scripts/quest/out/ab_gate.pftrace docs/xr/data/steps-2026-09-30-gate.txt --air-offset-s 0.4133 --guard-s 5 --baseline b1m
3310889 packets, 235128 frames, 423643 lost before the app; 230222 frames inside the steps
clock drift fitted on 'b1m': +72 ppm

per step (ms vs the baseline drift line; 'last' = frame complete, 'decoded' = decoder output)
               frames    fps  pkt/f  spread   first    last  last95  decoded  lost/s  lost% undec
 0 s0r           9964  151.0   1.99    1.04-10659352.96-10659351.92-10621732.13-10657289.19    89.9  23.01    24
 1 s0h           5961   89.0  16.61    8.59-11551957.01-11551948.42-11551928.44-11551946.08     5.0   0.51    10
 2 s0h           8398   90.3  15.28    7.84-11210520.98-11210513.13-7871104.41-11211339.04     2.9   0.41    12
 3 s0r          12826  148.1   2.19    1.33-7284412.74-7284411.41  144.85-7300347.39    18.1   5.37    28
 4 o16k          6790   87.1   9.53    6.87   -0.66    6.21    4.20    58.52   671.3  51.48  6685
 5 o192          8020   87.2  15.76   10.48  123.26  133.74  144.45   135.75   121.0  14.56  1061
 6 o1m           7189   89.9  15.57   10.32  386.93  397.25  430.72   396.87   112.2  12.22  1468
 7 o1m           8784   87.8  15.62   10.38  378.51  388.89  426.93   390.58   137.8  17.43  1604
 8 o192          7670   89.8  15.55   10.41  120.47  130.88  144.90   133.08   103.2  12.12  1246
 9 o16k          7823   89.7   9.45    6.70   -5.60    1.10    2.95     6.49   647.9  52.12  7762
10 a10           7547   82.0  16.67   11.11   81.89   93.00   98.99    95.42   137.7  16.27     8
11 a20           7493   82.4  16.65   11.07   90.13  101.20  108.65   103.62   133.3  15.66    11
12 a40o          6686   83.6  16.88   11.14  106.38  117.52  128.38   119.94   113.0  12.30     9
13 a40o          8197   82.0  16.89   11.15  106.76  117.90  128.43   120.34   141.1  17.77    10
14 a20           7354   84.9  16.70   10.98   89.23  100.21  107.87   102.63    88.9  10.71    16
15 a10           7444   81.8  16.66   11.13   83.17   94.30   98.42    96.69   135.2  15.87    12
16 b1m           7694   89.2  16.72    8.64   -4.33    4.31   18.32     6.74     0.6   0.08     1
17 b10           7896   86.8  16.74    8.69   -4.39    4.30   14.82     6.75    39.3   5.17     1
18 b20           7286   88.9  16.73    8.65   -4.63    4.02   18.82     6.45     2.5   0.31     2
19 b20           8502   89.1  16.67    8.62   -4.89    3.73   14.75     6.16     3.8   0.56     2
20 b10           7920   87.0  16.71    8.70   -4.27    4.43   17.85     6.85    36.6   4.83     1
21 b1m           7838   87.1  16.72    8.70   -4.57    4.13   20.97     6.59    36.9   4.83     8
22 d0            6957   84.9  16.61   10.95   87.81   98.76  106.81   101.20    93.6  10.60     8
23 d8            6871   76.4  16.69   12.22   68.04   80.26   86.34    82.67   231.5  24.55     0
24 d32           6860   76.2  16.68   12.24   77.19   89.43   95.22    91.87   236.3  24.91     1
25 d32           6847   76.1  16.65   11.99   76.18   88.17   95.61    92.07   236.7  25.03    56
26 d8            3994   67.4  15.64   11.93  134.04  145.98  286.96   128.77   420.4  31.76   400

per state
               frames    fps  pkt/f  spread   first    last  last95  decoded  lost/s  lost% undec   Δlast  Δdecoded
s0r             22790  149.5   2.11    1.20-8759968.00-8759966.80-7871091.75-8767846.80    54.0  13.56    52-8759971.01-8767853.47
s0h             14359   89.6  15.84    8.15-11352264.84-11352256.69-7871105.32-11352718.17     3.9   0.46    22-11352260.91-11352724.83
o16k            14613   88.4   9.48    6.78   -3.31    3.47    3.61    39.40   659.6  51.81 14447   -0.74    +32.73
o192            15690   88.5  15.65   10.44  121.90  132.34  144.72   134.46   112.1  13.36  2307 +128.13   +127.80
o1m             15973   88.9  15.60   10.35  382.30  392.66  428.43   393.37   125.0  14.92  3072 +388.44   +386.70
a10             14991   81.9  16.66   11.12   82.53   93.64   98.75    96.05   136.4  16.07    20  +89.43    +89.38
a20             14847   83.6  16.67   11.03   89.68  100.71  108.22   103.13   111.1  13.26    27  +96.50    +96.46
a40o            14883   82.8  16.88   11.14  106.59  117.73  128.40   120.16   127.0  15.14    19 +113.52   +113.49
b1m             15532   88.1  16.72    8.67   -4.45    4.22   19.33     6.67    18.8   2.51     9   +0.00     +0.00
b10             15816   86.9  16.72    8.70   -4.33    4.36   16.63     6.80    37.9   5.00     2   +0.15     +0.13
b20             15788   89.0  16.70    8.63   -4.77    3.86   16.30     6.29     3.1   0.43     4   -0.35     -0.38
d0               6957   84.9  16.61   10.95   87.81   98.76  106.81   101.20    93.6  10.60     8  +94.55    +94.53
d8              10865   71.9  16.30   12.12   92.30  104.42   89.04    98.50   326.0  28.04   400 +100.20    +91.84
d32             13707   76.2  16.67   12.11   76.69   88.80   95.43    91.97   236.5  24.97    57  +84.58    +85.30
