step             pkts  lost  loss%  frames  undec
 0 m2b8          6600    12   0.18     771      3
 1 m3b12         9733    23   0.24     770      1
 2 m2b8          6564     9   0.14     772      1
 3 m4b16        13029    13   0.10     773      0
 4 m2b8          6575     8   0.12     770      1
 5 m4b12         9812    16   0.16     771      0
 6 m2b8          6662     2   0.03     773      0
 7 m3b12         9771    23   0.23     772      0
 8 m2b8          6670     3   0.04     771      0
 9 m4b16        12963    29   0.22     772      0
10 m2b8          6244     6   0.10     725      0

per state
m2b8            39315    40   0.10    4582      5
m3b12           19504    46   0.24    1542      1
m4b16           25992    42   0.16    1545      0
m4b12            9812    16   0.16     771      0
