# ab_gate, steps docs/xr/data/steps-2026-09-30-gate.txt, --air-offset-s 0.4133 (Quest-PC 0.0813 + PC-air 0.332), --guard-s 5. 2026-09-30 ~00:21-01:12 local (PC 1790720465-723131); the -A age-guard gate (see link-envelope 'Age-guard gate'), ch165, rig flashing; APK c8986061, prefs = baseline + stats_log (IDR off); no relaunch; the app was killed at PC 723131 (low memory), so data ends at air 723110. Drift line on b1m (hd MCS7 clean, 1M): valid only across steps sharing one RTP base (o*/a*/b*/d*, hd); s0r/s0h absolute levels are not comparable.
# python3 scripts/quest-latch/loss_bursts.py scripts/quest/out/ab_gate.pftrace docs/xr/data/steps-2026-09-30-gate.txt --air-offset-s 0.4133 --guard-s 5
                 runs/s    1    2    3    4  5-8   9+ pkts p50 ms p50 ms p95 ms max  Z 9.77
 0 s0r             0.50    4    5    4    2    7   11        5    0.7    9.8   18.4     0.5
 1 s0h             0.48    6    5    6    4    0   11        3    1.3    5.4    6.0     1.7
 2 s0h             0.44   13    5    5    8    4    6        3    1.2    4.9    9.5     5.9
 3 s0r             0.40    4    3    3    6    9   10        5    0.7    3.5 3663.4     0.0
 4 o16k          115.36 1008  612  664  350 5700  664        6    3.8    5.3 2040.8     0.3
 5 o192           25.42  693  533  437  277  320   79        2    0.4    2.0 1953.4     0.9
 6 o1m            32.01  685  595  449  325  424   83        3    0.4    2.4    5.9     1.0
 7 o1m            28.37  821  620  469  371  451  105        2    0.4    2.1 1949.8     2.2
 8 o192           28.15  646  555  415  336  414   83        3    0.4    2.0    6.1     0.3
 9 o16k          113.91 1170  537  645  287 6761  738        6    4.0    6.2   28.1     0.3
10 a10             5.98   12    6    5   12    0  515       17    0.6    3.6 1946.8     0.5
11 a20             5.70   18    8    8   11    0  474       17    0.5    4.5 1948.0     1.6
12 a40o            6.31   23   10    4    4    0  464       17    0.5    3.6    7.2     0.1
13 a40o            6.16   15    9   11    9    0  572       17    0.5    3.9 1962.4     0.1
14 a20             5.16   13    6   11    8    0  416       17    0.5    4.0    6.3     0.1
15 a10             5.97   17   15    6    9    0  496       17    0.7    4.0 1954.3     1.3
16 b1m             0.20    3    1    6    8    0    0        3    4.4    7.5    7.5     0.6
17 b10             0.41    9    3    4    7    0   14        4    3.4    8.8 2038.1     1.6
18 b20             0.24    5    5    2    2    1    5        3    3.3    7.4    7.4     0.2
19 b20             0.31    8    4    7    6    0    5        3    3.8    7.8    8.4     0.3
20 b10             0.25    7    4    3    3    0    6        3    3.1    7.6 2027.5     0.9
21 b1m             0.50   11    6    5   14    1    8        4    2.9    8.2 2040.7     0.5
22 d0              5.49   19   12    5   15    0  399       17    0.5    4.6    7.2     1.9
23 d8             13.14    1    3    1    1    0 1177       17    0.5    2.4    6.2     0.4
24 d32            13.61    2    4    1    3    1 1214       17    0.5    2.4    6.6     0.5
25 d32            14.03   13    3    5    8   15 1219       17    0.9    4.0   42.5     0.1
26 d8             17.40   22   17   19   56   57  873       17    0.8    5.6  171.7     4.7
