# python3 scripts/quest-latch/owd.py scripts/quest/out/ab_g56.pftrace docs/xr/data/steps-2026-09-29-g56.txt --air-offset-s 1.284 --guard-s 4 --min-s 2,10,60
scripts/quest/out/ab_g56.pftrace: 107976 frames; drift (median per-step slope of the per-second minimum of first): +0.0729 ms/s

== running minimum over 2 s; windows of 250 ms ==
state      sig     win  p50med  p90med  p90p90  p90p99  p90max |   mean    p50    p95 |  ms/pkt
m7b25f46   first   421    1.29    2.95    6.90    9.74   11.12 |   1.64   1.28   4.39 |  -0.009
m7b25f46   last    421    1.91    3.68    8.17   11.02   12.50 |   2.20   1.91   5.63 |  +0.342
m6b25f46   first   422    3.07    4.52   10.29   19.24   32.56 |   3.83   3.14   9.50 |  -0.115
m6b25f46   last    422    2.99    4.49   10.11   19.42   32.59 |   3.82   3.12   9.61 |  +0.277
m7b16f48   first   210    0.36    1.39    2.93    8.59    9.23 |   0.71   0.35   2.75 |  +0.008
m7b16f48   last    210    1.55    3.92    6.34   11.63   13.33 |   2.26   1.49   5.23 |  +0.511
m7b20f48   first   209    8.22   10.10   14.64   18.20   19.28 |   8.02   8.10  14.77 |  -0.241
m7b20f48   last    209    8.48   10.29   14.88   18.13   19.37 |   8.23   8.39  14.99 |  +0.258
m7b20f46   first   216    0.33    1.50    2.68    3.05    3.29 |   0.68   0.38   2.44 |  +0.017
m7b20f46   last    216    1.03    3.39    5.06    6.22    7.12 |   1.80   1.04   4.95 |  +0.384
m12b20f48  first   210    0.62    2.51    5.67    9.10   11.33 |   1.20   0.62   3.32 |  -0.033
m12b20f48  last    210    2.18    4.09    7.75   12.48   13.64 |   2.66   2.20   5.54 |  +0.413
m12b25f48  first   215    2.22    3.89    7.65    8.98   10.40 |   2.88   2.33   6.68 |  -0.210
m12b25f48  last    215    2.26    4.00    7.56   10.47   11.26 |   2.98   2.39   7.30 |  +0.193
m13b25f48  first   211    1.85    3.14    7.87   10.68   12.62 |   2.01   1.83   4.82 |  -0.001
m13b25f48  last    211    2.24    4.08    9.08   12.26   13.87 |   2.56   2.23   6.12 |  +0.368
m13b30f48  first   211    4.31    6.15   11.22   15.08   19.23 |   5.16   4.54  11.18 |  -0.180
m13b30f48  last    211    4.30    6.16   11.45   14.58   19.20 |   5.18   4.58  11.18 |  +0.187
m13b25f47  first   211    0.81    2.92    3.49    5.22    7.81 |   1.35   0.73   3.26 |  +0.033
m13b25f47  last    211    1.59    3.50    5.64    7.42   10.43 |   1.87   1.46   5.16 |  +0.335
m13b30f47  first   210    2.81    3.81    8.20   11.39   11.72 |   3.16   2.81   7.07 |  -0.038
m13b30f47  last    210    4.70    5.74    9.96   12.54   15.42 |   4.66   4.52   9.16 |  +0.273
m13b35f47  first   210    4.72    7.27   11.55   12.99   14.24 |   5.50   5.09  10.86 |  -0.166
m13b35f47  last    210    4.82    7.17   11.70   13.07   14.48 |   5.46   5.03  10.94 |  +0.160

== running minimum over 10 s; windows of 250 ms ==
state      sig     win  p50med  p90med  p90p90  p90p99  p90max |   mean    p50    p95 |  ms/pkt
m7b25f46   first   421    1.84    3.54    7.45   10.25   11.85 |   2.22   1.85   4.93 |  -0.009
m7b25f46   last    421    2.74    4.68    9.03   12.07   14.40 |   3.10   2.74   6.54 |  +0.342
m6b25f46   first   422    4.80    6.39   56.75   62.28   64.89 |  12.30   4.89  56.41 |  -0.181
m6b25f46   last    422    4.73    6.20   58.13   64.09   65.47 |  12.43   4.85  57.93 |  +0.206
m7b16f48   first   210    0.92    1.95    3.52    9.15    9.83 |   1.25   0.91   3.24 |  +0.008
m7b16f48   last    210    2.14    4.49    6.85   12.11   13.88 |   2.80   2.07   5.75 |  +0.512
m7b20f48   first   209   15.40   17.23   26.73   33.27   33.52 |  15.13  15.36  27.17 |  -0.226
m7b20f48   last    209   16.10   18.00   26.20   32.99   33.69 |  16.00  16.07  26.93 |  +0.280
m7b20f46   first   216    0.90    2.09    3.07    3.66    3.88 |   1.23   0.95   3.02 |  +0.017
m7b20f46   last    216    1.62    4.09    5.59    7.78    8.79 |   2.50   1.74   5.53 |  +0.384
m12b20f48  first   210    1.20    3.10    6.13    9.67   11.88 |   1.78   1.20   3.89 |  -0.033
m12b20f48  last    210    2.95    4.76    8.26   12.99   14.25 |   3.41   3.11   6.39 |  +0.413
m12b25f48  first   215    6.07    7.30   77.08   79.40   79.99 |  13.65   5.85  76.72 |  -0.103
m12b25f48  last    215    6.31    7.82   79.47   81.98   82.80 |  14.27   6.32  79.45 |  +0.304
m13b25f48  first   211    2.41    3.74    8.44   11.09   13.06 |   2.58   2.41   5.38 |  -0.001
m13b25f48  last    211    2.94    4.84    9.69   13.05   15.23 |   3.30   2.96   6.94 |  +0.370
m13b30f48  first   211    7.78    9.27   65.25   66.61   68.57 |  14.36   7.72  64.41 |  -0.149
m13b30f48  last    211    7.68    9.28   66.48   68.26   70.01 |  14.42   7.61  65.89 |  +0.223
m13b25f47  first   211    1.36    3.52    4.02    5.81    8.34 |   1.91   1.29   3.83 |  +0.034
m13b25f47  last    211    2.23    4.24    6.29    7.93   11.41 |   2.53   2.09   5.76 |  +0.337
m13b30f47  first   210    3.42    4.33    8.78   12.04   12.42 |   3.79   3.44   7.69 |  -0.040
m13b30f47  last    210    5.57    6.56   11.31   13.82   16.10 |   5.74   5.52  10.03 |  +0.273
m13b35f47  first   210    8.98   11.02   59.61   63.02   64.01 |  14.09   8.81  59.57 |  -0.173
m13b35f47  last    210    8.97   10.98   60.46   64.50   65.72 |  14.15   8.78  60.64 |  +0.154

== running minimum over 60 s; windows of 250 ms ==
state      sig     win  p50med  p90med  p90p90  p90p99  p90max |   mean    p50    p95 |  ms/pkt
m7b25f46   first   421    4.85    6.58    9.55   13.33   13.90 |   4.76   4.60   7.91 |  -0.013
m7b25f46   last    421    5.51    7.40   10.91   14.84   15.50 |   5.53   5.17   9.20 |  +0.339
m6b25f46   first   422   59.88   61.28   66.19   68.60   71.91 |  60.25  59.91  64.06 |  -0.088
m6b25f46   last    422   61.59   62.94   67.85   70.66   72.97 |  61.92  61.62  65.68 |  +0.303
m7b16f48   first   210    2.36    3.64    5.71   11.28   11.96 |   2.70   2.61   4.99 |  -0.002
m7b16f48   last    210    3.88    6.21    8.74   14.45   15.51 |   4.24   3.98   7.63 |  +0.503
m7b20f48   first   209   22.03   23.65   47.48   51.91   52.61 |  25.37  22.15  48.45 |  -0.241
m7b20f48   last    209   25.79   27.66   52.37   57.11   58.03 |  29.53  26.01  53.59 |  +0.268
m7b20f46   first   216    3.28    4.43    5.84    6.70    6.78 |   3.56   3.39   5.60 |  +0.016
m7b20f46   last    216    3.64    6.10    8.02    9.42   10.70 |   4.26   4.09   7.63 |  +0.381
m12b20f48  first   210    4.80    6.71    9.79   13.28   15.63 |   5.37   4.80   7.45 |  -0.033
m12b20f48  last    210    7.50    9.33   12.93   17.48   18.85 |   8.00   7.67  10.96 |  +0.413
m12b25f48  first   215   80.46   82.04   83.39   84.51   85.43 |  80.59  80.41  83.13 |  -0.225
m12b25f48  last    215   83.17   84.68   86.09   87.19   87.94 |  83.31  83.13  85.88 |  +0.191
m13b25f48  first   211    3.87    5.50    9.19   13.44   15.28 |   4.09   3.87   7.43 |  -0.004
m13b25f48  last    211    4.26    6.15   10.28   14.85   16.74 |   4.57   4.27   8.64 |  +0.368
m13b30f48  first   211   68.02   69.71   70.53   72.20   72.27 |  67.93  67.95  70.47 |  -0.195
m13b30f48  last    211   69.74   71.36   72.56   73.63   73.80 |  69.64  69.68  72.29 |  +0.176
m13b25f47  first   211    2.97    4.84    6.52    8.06    8.57 |   3.29   3.22   6.06 |  +0.034
m13b25f47  last    211    3.65    5.98    7.69   10.29   11.41 |   3.95   3.75   7.36 |  +0.336
m13b30f47  first   210    7.28    8.22   12.87   16.02   16.40 |   7.65   7.30  11.59 |  -0.040
m13b30f47  last    210    9.73   10.80   15.57   18.91   19.80 |  10.04   9.78  14.20 |  +0.274
m13b35f47  first   210   63.73   65.97   67.01   67.84   69.30 |  63.68  63.66  66.78 |  -0.172
m13b35f47  last    210   65.83   68.04   69.28   70.29   71.63 |  65.78  65.78  69.00 |  +0.158
