# PPXR_STATS medians per step, ab_hdp (Quest-air = Quest-PC -0.2801 + PC-air 0), guard 15 s
# python3 scripts/quest-latch/stats_steps.py scripts/quest/out/qtx_hdp.raw.txt docs/xr/data/steps-2026-09-30-hdp.txt --quest-minus-air-s -0.2801 --guard-s 15 --keys enc50,lnk50,lnk95,dec50,tot50,tot95,kb,pkts,pdata,post,fps
per step: median of the PPXR_STATS samples (every 2 s)
                   n   enc50   lnk50   lnk95   dec50   tot50   tot95      kb    pkts   pdata    post     fps
 0 p2400          45     3.9     8.7    10.1     1.7    18.8    23.1   219.0    12.0     1.1     0.1   120.0
 1 p3000          45     3.9     6.8     9.0     1.7    17.8    21.5   219.0    10.0     1.5     0.3   119.0
 2 p3900          44     3.9     8.2    10.1     1.7    17.7    22.6   218.0     7.5     1.4     0.0   120.0
 3 p3900          45     3.9     8.4    12.1     1.7    18.4    23.5   218.0     7.0     1.6     0.0   120.0
 4 p3000          45     3.9     9.1    11.4     1.7    19.1    24.3   218.0    10.0     1.8     0.4   119.0
 5 p2400          45     3.9     9.0    10.5     1.7    18.9    23.3   218.0    12.0     1.5     0.1   119.0
 6 p2400          45     3.9     8.9    10.4     1.7    19.3    23.4   219.0    12.0     1.5     0.1   119.0
 7 p3000          45     3.8     8.6    12.5     1.7    19.0    23.8   219.0    10.0     2.0     0.4   118.0
 8 p3900          44     3.8     8.3    11.5     1.7    18.4    24.0   218.0     7.5     1.7     0.0   120.0
 9 p3900          45     3.9     8.2    11.7     1.7    18.6    24.1   218.0     7.0     1.7     0.1   120.0
10 p3000          45     3.9     8.5    10.7     1.7    18.9    23.6   218.0    10.0     1.8     0.4   118.0
11 p2400          45     3.8     8.8    10.4     1.7    18.2    23.3   219.0    12.0     1.6     0.1   119.0
