             pauses/s per-cyc  Z(pause) lat mean lat p95 lat fold   loss
 0 base         26.69    2.73       8.0     1.23    6.11     1.37      0
 1 hold0        25.06    2.57       0.3     1.14    3.65     0.27      0
 2 base         27.35    2.80       2.7     1.22    4.74     1.22     10
 3 hold0        24.00    2.46       0.3     1.05    3.26     0.38      0
 4 base         33.94    3.48       1.0     1.32    4.09     1.25      1
 5 bcnoff       30.50    3.12       0.4     1.14    3.24     0.23      0
 6 base         25.70    2.63       6.0     1.11    3.39     1.54      1
 7 bcnoff       26.93    2.76       0.8     1.08    3.20     0.22      3
 8 base         29.20    2.99       5.8     1.16    3.57     1.07      3
