== R3 (157 vs 161)
             pauses/s per-cyc  Z(pause) lat mean lat p95 lat fold   loss
 0 157           5.81    0.60       1.1     1.63    4.36     0.22   1302
 1 161           5.58    0.57       0.9     1.63    4.25     0.18   1234
 2 161           5.30    0.54       0.3     1.60    4.15     0.19   1428
 3 157           5.56    0.57       3.3     1.70    4.44     0.26   1325
 4 157           5.74    0.59       0.8     1.65    4.37     0.24   1165
 5 161           6.07    0.62       1.3     1.63    4.37     0.23   1181
 6 161           5.42    0.56       0.6     1.66    4.37     0.21   1582
 7 157           5.79    0.59       1.5     1.69    4.36     0.20   1204
== R3' (157 vs 165)
             pauses/s per-cyc  Z(pause) lat mean lat p95 lat fold   loss
 0 157           6.81    0.70       0.5     1.68    4.13     0.24   1159
 1 165           6.83    0.70       1.3     1.68    4.12     0.29   1573
 2 165           6.03    0.62       0.1     1.68    4.45     0.23   1480
 3 157           5.99    0.61       0.5     1.81    4.65     0.35   1377
 4 157           6.04    0.62       2.2     1.70    4.40     0.25   1399
 5 165           5.90    0.60       1.4     1.68    4.48     0.30   1427
 6 165           6.30    0.64       1.7     1.78    4.69     0.25   1410
 7 157           6.32    0.65       1.4     1.81    4.64     0.21   1318
