# zflush per step, ab_hdp, --air-offset-s -0.2801, guard 15
# python3 scripts/quest-latch/zflush.py scripts/quest/out/ab_hdp.pftrace docs/xr/data/steps-2026-09-30-hdp.txt scripts/quest/out/qtx_hdp.raw.txt --air-offset-s -0.2801 --baseline p2400 --guard-s 15 --by-step
complete = first -> last packet; capture->last = ms above the baseline drift line; n mean p95 p99
               frames | class        n   mean    p95    p99 |    n   mean    p95    p99 | waited_next all / of recovered
 0 p2400        10731 | clean     9248   4.30   5.02   5.40 | 9248   1.18   1.89   2.68 | 0.037 / 0.260
                      | recovered 1423   5.52  12.82  13.47 | 1423   3.78   9.76  10.31
                      | held        60   5.59  12.45  13.34 |   60   4.31   9.09  10.24
 1 p3000        10731 | clean     9213   3.94   4.88   5.22 | 9213   0.91   1.84   2.44 | 0.047 / 0.304
                      | recovered 1318   5.58  13.17  13.73 | 1318   4.26  10.15  10.80
                      | held       200   5.23  16.79  17.59 |  200   4.84  13.86  14.43
 2 p3900        10731 | clean     9387   3.42   3.76   4.39 | 9387   0.62   1.25   2.93 | 0.044 / 0.345
                      | recovered 1309   5.35  13.23  14.21 | 1309   4.54  10.43  11.65
                      | held        35   4.91  18.58  19.06 |   35   6.24  15.71  16.36
 3 p3900        10731 | clean     9151   3.39   3.69   3.98 | 9151   0.56   0.94   1.76 | 0.051 / 0.343
                      | recovered 1539   5.25  13.04  13.43 | 1539   4.42  10.31  10.57
                      | held        41   4.27  18.01  18.27 |   41   6.03  15.11  15.43
 4 p3000        10731 | clean     8928   3.95   4.91   5.19 | 8928   0.93   1.87   2.44 | 0.054 / 0.297
                      | recovered 1584   5.43  13.30  13.77 | 1584   4.22  10.26  10.69
                      | held       219   5.41  13.72  17.50 |  219   4.95  10.58  14.44
 5 p2400        10731 | clean     8870   4.31   5.03   5.43 | 8870   1.24   1.93   2.80 | 0.045 / 0.247
                      | recovered 1759   5.45  12.95  13.55 | 1759   3.82   9.90  10.45
                      | held       102   4.98  11.67  16.82 |  102   4.26   8.35  13.76
 6 p2400        10731 | clean     8938   4.31   5.04   5.46 | 8938   1.22   1.92   2.89 | 0.043 / 0.249
                      | recovered 1696   5.45  12.97  13.44 | 1696   3.79   9.87  10.33
                      | held        97   5.23  12.82  17.27 |   97   4.28   9.88  14.26
 7 p3000        10731 | clean     8751   3.93   4.88   5.20 | 8751   0.90   1.85   2.39 | 0.060 / 0.303
                      | recovered 1707   5.51  13.25  13.73 | 1707   4.28  10.22  10.68
                      | held       273   4.95  16.84  17.86 |  273   4.94  13.83  14.90
 8 p3900        10731 | clean     9095   3.39   3.69   3.98 | 9095   0.52   0.89   1.78 | 0.054 / 0.345
                      | recovered 1574   5.32  13.21  13.58 | 1574   4.48  10.38  10.70
                      | held        62   4.83  19.11  20.31 |   62   6.32  16.19  17.46
 9 p3900        10731 | clean     9061   3.39   3.69   3.99 | 9061   0.50   0.87   1.73 | 0.055 / 0.342
                      | recovered 1601   5.26  13.10  13.50 | 1601   4.38  10.28  10.58
                      | held        69   5.54  18.84  19.66 |   69   6.18  15.96  16.81
10 p3000        10731 | clean     8880   3.94   4.87   5.18 | 8880   0.88   1.81   2.39 | 0.055 / 0.291
                      | recovered 1605   5.43  13.20  13.59 | 1605   4.10  10.16  10.47
                      | held       246   5.47  13.77  17.26 |  246   4.91  10.55  14.43
11 p2400        10731 | clean     8851   4.30   5.03   5.43 | 8851   1.16   1.87   2.74 | 0.046 / 0.255
                      | recovered 1795   5.48  13.00  13.45 | 1795   3.75   9.82  10.27
                      | held        85   4.84  12.26  12.97 |   85   4.02   9.25   9.92
